1, 2.0254963385753144, 24.705528846153847, 31.260016025641026
2, 1.7582038326141163, 34.1025641025641, 38.61177884615385
3, 1.6451588694865886, 38.68589743589744, 42.32772435897436
4, 1.5660784498239175, 42.3818108974359, 44.74158653846154
5, 1.478689112724402, 46.17588141025641, 48.42748397435897
6, 1.3995446626956647, 49.485176282051285, 50.500801282051285
7, 1.3443252248641773, 51.41426282051282, 53.21514423076923
8, 1.28881765909684, 53.415464743589745, 54.997996794871796
9, 1.2330786559826288, 55.45272435897436, 56.15985576923077
10, 1.1929275263578465, 57.04927884615385, 56.07972756410256
11, 1.1496824421943763, 58.85616987179487, 59.31490384615385
12, 1.1279550524858328, 59.821714743589745, 59.485176282051285
13, 1.0978417962025373, 60.73918269230769, 60.17628205128205
14, 1.0803769340881935, 61.37019230769231, 62.189503205128204
15, 1.057123089906497, 62.27363782051282, 62.42988782051282
16, 1.039360707386946, 62.65024038461539, 62.0693108974359
17, 1.027874123591643, 63.10496794871795, 63.591746794871796
18, 1.0114883422851562, 63.97235576923077, 63.171073717948715
19, 0.9976854515381348, 64.28886217948718, 63.61177884615385
20, 0.9854566716230833, 65.09014423076923, 63.81209935897436
21, 0.9706687591014764, 65.48277243589743, 63.11097756410256
22, 0.9518184499862866, 66.19591346153847, 65.59495192307692
23, 0.934469724771304, 67.0292467948718, 66.7167467948718
24, 0.9207253064864721, 67.40584935897436, 66.20592948717949
25, 0.9032856780749101, 68.13701923076923, 66.78685897435898
26, 0.8797940648519076, 68.90024038461539, 68.57972756410257
27, 0.8663442657544063, 69.35296474358974, 66.92708333333333
28, 0.860013415110417, 69.8076923076923, 69.70152243589743
29, 0.8402129578284728, 70.16826923076923, 69.58133012820512
30, 0.8270838159781236, 70.73317307692308, 70.17227564102564
31, 0.8097807144507384, 71.4082532051282, 70.42267628205128
32, 0.8109323649834363, 71.35416666666667, 70.33253205128206
33, 0.7923710491412725, 72.33173076923077, 71.07371794871794
34, 0.785540450994785, 72.33974358974359, 71.65464743589743
35, 0.7688788579060482, 72.91065705128206, 71.57451923076923
36, 0.7513806006847283, 73.49358974358974, 73.13701923076923
37, 0.744183137630805, 73.9423076923077, 72.99679487179488
38, 0.730146877735089, 74.40104166666667, 72.58613782051282
39, 0.7223873566358517, 74.50520833333333, 72.10536858974359
40, 0.7132137921376106, 75.1161858974359, 73.65785256410257
41, 0.7027543534071018, 75.12219551282051, 73.53766025641026
42, 0.6937022624107507, 75.69511217948718, 73.92828525641026
43, 0.6884257194323418, 75.84935897435898, 74.36899038461539
44, 0.6825977375874153, 76.04567307692308, 74.43910256410257
45, 0.6732727516920138, 76.26602564102564, 75.13020833333333
46, 0.6665096338742819, 76.51842948717949, 74.38902243589743
47, 0.6597315699626238, 76.7167467948718, 74.50921474358974
48, 0.6595718049086057, 76.84695512820512, 74.61939102564102
49, 0.6580883272183247, 76.82491987179488, 75.13020833333333
50, 0.6535901814699173, 77.25360576923077, 74.38902243589743
