1, 2.02942430973053, 23.69591346153846, 31.780849358974358
2, 1.7357823671438755, 34.61338141025641, 39.75360576923077
3, 1.609171501489786, 40.45072115384615, 43.23918269230769
4, 1.516805593478374, 44.35496794871795, 46.354166666666664
5, 1.420853640177311, 48.29326923076923, 48.11698717948718
6, 1.3578342630312994, 50.84535256410256, 52.41386217948718
7, 1.2972521946980402, 53.27123397435897, 54.66746794871795
8, 1.2472820855104005, 54.973958333333336, 55.73918269230769
9, 1.2034185186410562, 56.73477564102564, 56.85096153846154
10, 1.1764404015663343, 57.99679487179487, 58.22315705128205
11, 1.1425722550123165, 59.172676282051285, 58.092948717948715
12, 1.1028966572040166, 60.671073717948715, 59.55528846153846
13, 1.0857247106539898, 61.374198717948715, 61.30809294871795
14, 1.0643311566267257, 62.24559294871795, 60.74719551282051
15, 1.0451746786252045, 62.760416666666664, 61.51842948717949
16, 1.0248962562817794, 63.693910256410255, 63.932291666666664
17, 0.9962113152711819, 64.8457532051282, 64.35296474358974
18, 0.9834869953302237, 65.2323717948718, 66.02564102564102
19, 0.9723716592177366, 65.74919871794872, 64.21274038461539
20, 0.9425670143885491, 66.77283653846153, 67.24759615384616
21, 0.9394460496230003, 66.83092948717949, 64.47315705128206
22, 0.9258821430878762, 67.31370192307692, 65.01402243589743
23, 0.9049057694581839, 68.09294871794872, 66.86698717948718
24, 0.9010175975469442, 68.3613782051282, 67.74839743589743
25, 0.8932519556620182, 68.71995192307692, 67.1073717948718
26, 0.8848616358561393, 68.77003205128206, 66.7568108974359
27, 0.8828215003013611, 69.01442307692308, 68.49959935897436
28, 0.8788719542515584, 69.20873397435898, 65.7451923076923
29, 0.876248077245859, 69.3389423076923, 68.51963141025641
30, 0.8747514950923431, 69.46915064102564, 67.36778846153847
31, 0.8726625618262168, 69.68149038461539, 69.69150641025641
32, 0.8551197348496853, 69.99399038461539, 67.74839743589743
33, 0.8568966972522246, 69.87780448717949, 69.09054487179488
34, 0.8535228558075734, 70.06209935897436, 70.44270833333333
35, 0.8368281994110499, 70.96554487179488, 68.88020833333333
36, 0.8614448064412826, 69.7235576923077, 67.2275641025641
37, 0.8550680324053153, 70.24839743589743, 68.44951923076923
38, 0.8490296984330202, 70.43669871794872, 68.359375
39, 0.8408775772803869, 70.70713141025641, 68.6298076923077
40, 0.8382299239818867, 70.8573717948718, 69.91185897435898
41, 0.8281996517609327, 71.14983974358974, 70.49278846153847
42, 0.8225182812947494, 71.0576923076923, 70.80328525641026
43, 0.8134746164847643, 71.640625, 71.19391025641026
44, 0.8158761082551418, 71.49238782051282, 70.30248397435898
45, 0.8126696843367357, 71.54847756410257, 69.28084935897436
46, 0.8146602045267056, 71.69270833333333, 69.66145833333333
47, 0.8151995634421324, 71.51442307692308, 69.86177884615384
48, 0.8081164199572343, 71.80288461538461, 69.8417467948718
49, 0.7977633630618071, 72.12940705128206, 70.79326923076923
50, 0.8015749135078528, 72.05328525641026, 72.89663461538461
51, 0.7962086980159466, 72.26963141025641, 71.42427884615384
52, 0.7990850696196923, 72.12540064102564, 69.13060897435898
53, 0.7934137636270279, 72.16746794871794, 71.5645032051282
54, 0.7910413511288472, 72.31370192307692, 70.36258012820512
55, 0.7854765956218426, 72.68229166666667, 70.0020032051282
56, 0.786936077551964, 72.37780448717949, 72.02524038461539
57, 0.795498191851836, 72.17948717948718, 71.09375
58, 0.7863942693441343, 72.52804487179488, 72.07532051282051
59, 0.7822547481610225, 72.62620192307692, 70.34254807692308
60, 0.7853199793742254, 72.58213141025641, 70.3125
61, 0.7788777478230305, 72.77844551282051, 70.89342948717949
62, 0.7857112147869207, 72.57011217948718, 71.45432692307692
63, 0.7851574825934875, 72.79046474358974, 69.25080128205128
64, 0.7777149538199107, 72.88261217948718, 70.72315705128206
65, 0.7754780450692543, 72.83854166666667, 71.00360576923077
66, 0.7774638851483663, 73.0088141025641, 70.8233173076923
67, 0.7657931361442957, 73.24919871794872, 70.7832532051282
68, 0.7783550534492883, 73.0048076923077, 70.3125
69, 0.7647898307213417, 73.3974358974359, 72.84655448717949
70, 0.7668548256922991, 73.31129807692308, 72.76642628205128
71, 0.7678732363077311, 73.25520833333333, 71.18389423076923
72, 0.7647323713852809, 73.29326923076923, 72.58613782051282
73, 0.7635933202046614, 73.4375, 71.09375
74, 0.7529194698883936, 73.69190705128206, 71.7948717948718
75, 0.7626670325413728, 73.38541666666667, 71.41426282051282
76, 0.7640512307484945, 73.48157051282051, 71.84495192307692
77, 0.7535225032231747, 73.83613782051282, 71.71474358974359
78, 0.7523883992280715, 73.76802884615384, 72.7764423076923
79, 0.7620964794586866, 73.21113782051282, 70.6630608974359
80, 0.7531786461671194, 73.81009615384616, 72.21554487179488
81, 0.7471157350601294, 73.97035256410257, 72.64623397435898
82, 0.7480624096515851, 73.89022435897436, 73.75801282051282
83, 0.7607469478478799, 73.61378205128206, 70.57291666666667
84, 0.7518514215946197, 74.0244391025641, 72.39583333333333
85, 0.7502877423396477, 73.66586538461539, 73.75801282051282
86, 0.749689554862487, 73.89823717948718, 73.05689102564102
87, 0.7438366648478386, 74.14463141025641, 71.68469551282051
88, 0.7454051305086185, 74.08854166666667, 72.24559294871794
89, 0.7418466742222126, 74.07051282051282, 73.40745192307692
90, 0.750090017532691, 73.93429487179488, 72.83653846153847
91, 0.7435675731836221, 74.07251602564102, 73.09695512820512
92, 0.7400272357922334, 74.19471153846153, 71.34415064102564
93, 0.7391384019301488, 74.26682692307692, 71.49439102564102
94, 0.7355367905054337, 74.43910256410257, 73.77804487179488
95, 0.7389181566544069, 74.18870192307692, 72.11538461538461
96, 0.7522838771343231, 73.76201923076923, 72.51602564102564
97, 0.7457649007821694, 74.01041666666667, 72.64623397435898
98, 0.7357128837169745, 74.30889423076923, 72.90665064102564
99, 0.7286206343235113, 74.53125, 73.84815705128206
100, 0.7368693286791826, 74.47516025641026, 74.14863782051282
101, 0.7252794700555313, 74.80969551282051, 72.46594551282051
102, 0.7363049948826814, 74.27684294871794, 70.65304487179488
103, 0.7413650194039711, 74.13060897435898, 72.89663461538461
104, 0.7343807215874012, 74.4931891025641, 71.29407051282051
105, 0.738818286321102, 74.31089743589743, 72.48597756410257
106, 0.7282712879089209, 74.55528846153847, 71.7548076923077
107, 0.7324620889547544, 74.67948717948718, 72.95673076923077
108, 0.7309559295574825, 74.71754807692308, 73.09695512820512
109, 0.7355837306151023, 74.39503205128206, 71.47435897435898
110, 0.731279620833886, 74.59134615384616, 72.54607371794872
111, 0.7337635938937848, 74.47115384615384, 72.29567307692308
112, 0.7266271514770312, 74.90184294871794, 72.60616987179488
113, 0.7205878564180472, 74.78365384615384, 73.1270032051282
114, 0.7368883794698959, 74.375, 72.42588141025641
115, 0.7196755115802471, 75.08613782051282, 72.24559294871794
116, 0.7234469239528363, 74.9198717948718, 73.22716346153847
117, 0.7202013932741606, 74.93389423076923, 73.45753205128206
118, 0.718952311690037, 74.78966346153847, 73.65785256410257
119, 0.7115829678682181, 75.20232371794872, 73.19711538461539
120, 0.7175226321587196, 74.98998397435898, 73.48758012820512
121, 0.7127263070681156, 75.17027243589743, 73.14703525641026
122, 0.7052966807133112, 75.61498397435898, 73.53766025641026
123, 0.699860552029732, 75.74719551282051, 73.56770833333333
124, 0.7149694976134178, 75.01402243589743, 72.67628205128206
125, 0.7215787833317732, 74.81169871794872, 73.36738782051282
126, 0.7143861853159391, 75.31850961538461, 73.50761217948718
127, 0.7201782427537136, 75.05008012820512, 72.95673076923077
128, 0.7074859950022819, 75.44671474358974, 73.59775641025641
129, 0.7062935022207407, 75.3886217948718, 73.93830128205128
130, 0.7003339694096492, 75.52684294871794, 73.62780448717949
131, 0.706889006953973, 75.546875, 74.6494391025641
132, 0.7032529195149739, 75.4286858974359, 73.1670673076923
133, 0.7011299837094087, 75.59094551282051, 72.51602564102564
134, 0.7106152120308998, 75.32251602564102, 74.36899038461539
135, 0.705467994702168, 75.66907051282051, 74.22876602564102
136, 0.6914312769969304, 76.22395833333333, 74.62940705128206
137, 0.7009090543557436, 75.8994391025641, 73.52764423076923
138, 0.6939063882216429, 75.8173076923077, 73.22716346153847
139, 0.6955862324971419, 75.76522435897436, 73.58774038461539
140, 0.7000374616720737, 75.76923076923077, 72.98677884615384
141, 0.6954469362130532, 75.71314102564102, 74.05849358974359
142, 0.7006562094657849, 75.48878205128206, 74.00841346153847
143, 0.6918201883633931, 76.00160256410257, 73.9082532051282
144, 0.6942141582568486, 76.03165064102564, 72.54607371794872
145, 0.6996839544711969, 75.7391826923077, 73.77804487179488
146, 0.6987074802319209, 75.67508012820512, 73.3573717948718
147, 0.6823812020130646, 76.3681891025641, 73.57772435897436
148, 0.690058673803623, 76.14583333333333, 74.02844551282051
149, 0.6923489459050007, 76.09975961538461, 75.50080128205128
150, 0.6846086718333073, 76.26602564102564, 74.79967948717949
151, 0.6797064116367927, 76.33213141025641, 75.2704326923077
152, 0.6870741775402656, 76.28405448717949, 74.65945512820512
153, 0.6776460228058008, 76.53645833333333, 73.65785256410257
154, 0.6823284003214959, 76.29807692307692, 75.20032051282051
155, 0.679260703539237, 76.328125, 74.609375
156, 0.6856928731386478, 76.21594551282051, 74.28886217948718
157, 0.681713023246863, 76.41426282051282, 74.59935897435898
158, 0.6876059497778232, 76.20192307692308, 75.2704326923077
159, 0.6751720084593846, 76.46834935897436, 75.49078525641026
160, 0.6756638457377752, 76.43028846153847, 73.24719551282051
161, 0.6791134983301162, 76.37820512820512, 74.83974358974359
162, 0.6685325177816245, 76.82692307692308, 75.0
163, 0.6739399068630658, 76.61658653846153, 74.78966346153847
164, 0.67514607272087, 76.49439102564102, 75.390625
165, 0.6717601219813029, 76.66866987179488, 74.44911858974359
166, 0.6773458835406181, 76.34214743589743, 75.7011217948718
167, 0.6689922304489674, 76.75080128205128, 75.8213141025641
168, 0.6690187040047768, 76.7608173076923, 75.01001602564102
169, 0.6656824532227639, 76.94911858974359, 75.23036858974359
170, 0.6717660628068142, 76.71274038461539, 75.16025641025641
171, 0.6703403916114415, 76.7948717948718, 75.20032051282051
172, 0.6661076489167336, 76.62459935897436, 75.0801282051282
173, 0.6613886486261319, 77.109375, 76.33213141025641
174, 0.6555869641976478, 77.32972756410257, 75.8213141025641
175, 0.6629854032626519, 76.93108974358974, 74.43910256410257
176, 0.6623312270029997, 77.06530448717949, 75.8613782051282
177, 0.6672680492584522, 76.72876602564102, 75.52083333333333
178, 0.6585559488106997, 76.8729967948718, 75.48076923076923
179, 0.6612658752844884, 76.85296474358974, 76.35216346153847
180, 0.6560506421021927, 77.11338141025641, 75.46073717948718
181, 0.6584548418338482, 77.14342948717949, 75.36057692307692
182, 0.6579376178674209, 77.21754807692308, 75.73116987179488
183, 0.6464904082891268, 77.53205128205128, 74.82972756410257
184, 0.6526124196174817, 77.59014423076923, 75.58092948717949
185, 0.6538245095656469, 77.3056891025641, 74.85977564102564
186, 0.6459038846767866, 77.86458333333333, 74.96995192307692
187, 0.649061647668863, 77.41386217948718, 75.80128205128206
188, 0.6465636673646096, 77.50801282051282, 75.0801282051282
189, 0.6398493073689632, 77.86658653846153, 76.36217948717949
190, 0.6409449085211143, 77.70633012820512, 75.53084935897436
191, 0.6509256160412079, 77.43189102564102, 76.9130608974359
192, 0.640581907522984, 77.74639423076923, 76.35216346153847
193, 0.6424513158889917, 77.75440705128206, 74.66947115384616
194, 0.644300511937875, 77.71634615384616, 75.91145833333333
195, 0.63924212486316, 77.80849358974359, 75.98157051282051
196, 0.6303945454267356, 78.13100961538461, 75.62099358974359
197, 0.6407608549564313, 77.83453525641026, 75.03004807692308
198, 0.6303745473806674, 78.02684294871794, 76.69270833333333
199, 0.6404451637695997, 77.6201923076923, 75.44070512820512
200, 0.6363959100001898, 77.97676282051282, 75.69110576923077
201, 0.6288982367668396, 78.19310897435898, 76.06169871794872
202, 0.6321725771213189, 77.99679487179488, 76.2920673076923
203, 0.6276591355984028, 78.18108974358974, 75.54086538461539
204, 0.6329157226360761, 77.9326923076923, 75.30048076923077
205, 0.6288688447230901, 78.2011217948718, 75.4306891025641
206, 0.6247821855239379, 78.26322115384616, 76.66266025641026
207, 0.6241015414396922, 78.30528846153847, 75.54086538461539
208, 0.6237804232499539, 78.56370192307692, 77.64423076923077
209, 0.6249730775753657, 78.41145833333333, 76.5224358974359
210, 0.618254707256953, 78.77604166666667, 76.4423076923077
211, 0.6229210480665549, 78.17107371794872, 76.82291666666667
212, 0.615239900809068, 78.5576923076923, 76.28205128205128
213, 0.6164188488935813, 78.54967948717949, 76.63261217948718
214, 0.6203327107123839, 78.48758012820512, 76.6426282051282
215, 0.6195465514293084, 78.68389423076923, 77.40384615384616
216, 0.6135731461720589, 78.68990384615384, 77.16346153846153
217, 0.622045179666617, 78.41546474358974, 77.01322115384616
218, 0.6154773975794132, 78.63782051282051, 75.60096153846153
219, 0.6120266867753786, 78.6358173076923, 77.08333333333333
220, 0.6079280869318888, 78.90224358974359, 75.81129807692308
221, 0.6097966060424462, 78.84214743589743, 77.17347756410257
222, 0.6193206679362517, 78.54366987179488, 75.41065705128206
223, 0.609301328429809, 78.8701923076923, 76.77283653846153
224, 0.6064761626414764, 78.81410256410257, 77.04326923076923
225, 0.6095436841249466, 78.96233974358974, 76.5625
226, 0.6108821253745984, 78.99839743589743, 77.0733173076923
227, 0.6046513624680347, 79.02844551282051, 77.23357371794872
228, 0.6024430063290473, 78.98036858974359, 76.90304487179488
229, 0.6037295118356363, 79.10857371794872, 76.41225961538461
230, 0.6023931327538613, 79.07652243589743, 76.77283653846153
231, 0.5951969800851284, 79.40104166666667, 76.70272435897436
232, 0.5941964871608294, 79.52123397435898, 76.82291666666667
233, 0.5973205769673372, 79.24679487179488, 76.8729967948718
234, 0.5865007826915154, 79.70552884615384, 76.86298076923077
235, 0.5926450817248761, 79.53725961538461, 77.20352564102564
236, 0.5950795866740055, 79.37900641025641, 77.6943108974359
237, 0.5885193534386464, 79.46514423076923, 76.70272435897436
238, 0.5863933347738706, 79.60136217948718, 78.02483974358974
239, 0.5873662922626887, 79.59334935897436, 76.92307692307692
240, 0.5890616393242127, 79.55328525641026, 77.2235576923077
241, 0.5884971160155076, 79.53525641025641, 78.07491987179488
242, 0.5852731395226258, 79.6854967948718, 77.6542467948718
243, 0.5890032200477062, 79.39703525641026, 78.49559294871794
244, 0.5779004438565327, 79.96594551282051, 77.56410256410257
245, 0.5789622678206517, 79.91386217948718, 77.45392628205128
246, 0.5750417878994575, 80.12820512820512, 76.171875
247, 0.5777417340339759, 79.97796474358974, 78.11498397435898
248, 0.5698555529117584, 80.21834935897436, 77.47395833333333
249, 0.5714391306424752, 80.06209935897436, 76.45232371794872
250, 0.5670059126921189, 80.14022435897436, 78.34535256410257
251, 0.5639761567115784, 80.55288461538461, 77.45392628205128
252, 0.5687082355603194, 80.48878205128206, 77.56410256410257
253, 0.565843058243776, 80.34254807692308, 77.37379807692308
254, 0.5658259184696736, 80.52083333333333, 78.10496794871794
255, 0.5616923989393772, 80.53285256410257, 77.70432692307692
256, 0.559441568224858, 80.77323717948718, 77.78445512820512
257, 0.5576932666393427, 80.60897435897436, 77.6943108974359
258, 0.5559223282031523, 80.78725961538461, 77.14342948717949
259, 0.5548068077900471, 80.64703525641026, 78.06490384615384
260, 0.5483457397191952, 81.10977564102564, 77.47395833333333
261, 0.5516950667668612, 80.85336538461539, 78.37540064102564
262, 0.5505785258916708, 80.90544871794872, 78.68589743589743
263, 0.5483521322409312, 80.8613782051282, 78.1650641025641
264, 0.54659864566265, 81.17588141025641, 78.45552884615384
265, 0.5423455240634771, 81.21995192307692, 78.22516025641026
266, 0.5414765956310126, 81.0576923076923, 78.76602564102564
267, 0.5450184189356291, 81.19591346153847, 78.32532051282051
268, 0.5333315539054382, 81.48036858974359, 79.22676282051282
269, 0.5398335184806432, 81.19791666666667, 77.4238782051282
270, 0.5319340692116664, 81.55248397435898, 78.80608974358974
271, 0.5301194245998676, 81.60857371794872, 79.35697115384616
272, 0.5273750208891355, 81.76482371794872, 79.44711538461539
273, 0.5283231771909274, 81.6786858974359, 78.8261217948718
274, 0.5266905563764083, 81.70072115384616, 79.67748397435898
275, 0.5215228785306979, 81.92107371794872, 78.41546474358974
276, 0.520811078334466, 81.92708333333333, 79.44711538461539
277, 0.5147840508283713, 82.16746794871794, 78.76602564102564
278, 0.5174097944528628, 82.11538461538461, 79.44711538461539
279, 0.5143327225477268, 82.27163461538461, 78.58573717948718
280, 0.5127631599322343, 82.2235576923077, 79.92788461538461
281, 0.5118475261407021, 82.2275641025641, 79.3369391025641
282, 0.5077973035665658, 82.49198717948718, 79.57732371794872
283, 0.5039078579499171, 82.43589743589743, 78.80608974358974
284, 0.503549388738779, 82.74038461538461, 79.88782051282051
285, 0.49702904407794657, 82.7363782051282, 80.4286858974359
286, 0.5005278439858021, 82.6943108974359, 80.1181891025641
287, 0.4987082493610871, 82.74038461538461, 79.63741987179488
288, 0.49505606500002053, 82.75641025641026, 80.4286858974359
289, 0.49389387376797506, 82.8505608974359, 79.67748397435898
290, 0.49721443576690477, 82.8505608974359, 80.55889423076923
291, 0.4863343303784346, 83.203125, 80.62900641025641
292, 0.4840496098383879, 83.21113782051282, 80.06810897435898
293, 0.48769250645851475, 82.99679487179488, 80.00801282051282
294, 0.48773616028901856, 83.2411858974359, 80.53886217948718
295, 0.48126552800337474, 83.25320512820512, 80.32852564102564
296, 0.4743371257415185, 83.30729166666667, 80.8994391025641
297, 0.4780571767152884, 83.42548076923077, 79.65745192307692
298, 0.4727425061739408, 83.81209935897436, 80.65905448717949
299, 0.4736216997488951, 83.49158653846153, 79.63741987179488
300, 0.4696342449921828, 83.72195512820512, 80.45873397435898
301, 0.4660966525475184, 83.70392628205128, 80.44871794871794
302, 0.47444829665697535, 83.40945512820512, 80.078125
303, 0.4708792908833577, 83.65785256410257, 81.1298076923077
304, 0.4722596243405953, 83.68990384615384, 80.28846153846153
305, 0.47586274766005004, 83.35536858974359, 79.3770032051282
306, 0.47919591390169586, 83.2451923076923, 80.43870192307692
307, 0.47527131881469337, 83.49358974358974, 80.56891025641026
308, 0.4743085604447585, 83.51963141025641, 79.96794871794872
309, 0.4728046655654907, 83.48157051282051, 80.30849358974359
310, 0.47831052113802003, 83.34334935897436, 80.71915064102564
311, 0.47981806848293695, 83.43149038461539, 80.5088141025641
312, 0.4780282291846398, 83.60977564102564, 79.93790064102564
313, 0.4840363478813416, 83.03485576923077, 80.1181891025641
314, 0.48385013739267985, 83.30328525641026, 79.97796474358974
315, 0.4864764448923942, 82.97475961538461, 79.34695512820512
316, 0.48617156621737356, 83.16907051282051, 80.43870192307692
317, 0.4939637076014127, 82.81850961538461, 79.69751602564102
318, 0.4930314884735988, 82.97275641025641, 79.04647435897436
319, 0.49147789845099815, 82.88261217948718, 79.74759615384616
320, 0.49846904071477743, 82.67227564102564, 79.75761217948718
321, 0.500063995902355, 82.4579326923077, 79.89783653846153
322, 0.49488029709229103, 82.78245192307692, 79.04647435897436
323, 0.5071967118061506, 82.38982371794872, 79.98798076923077
324, 0.5040542733210783, 82.39583333333333, 79.87780448717949
325, 0.5070190350978803, 82.36979166666667, 79.67748397435898
326, 0.5083777830386773, 82.2235576923077, 79.61738782051282
327, 0.5080547101986714, 82.26161858974359, 79.49719551282051
328, 0.5157623420159022, 82.04126602564102, 78.37540064102564
329, 0.5224031206124868, 81.86097756410257, 79.78766025641026
330, 0.5203925376519178, 81.9110576923077, 79.1766826923077
331, 0.515134731011513, 82.1113782051282, 79.01642628205128
332, 0.5149347997628726, 82.03525641025641, 78.7860576923077
333, 0.5197846142909466, 81.98317307692308, 78.0048076923077
334, 0.5160629188403105, 82.0292467948718, 79.81770833333333
335, 0.5292140819323369, 81.6005608974359, 78.01482371794872
336, 0.5241475637906637, 81.92708333333333, 78.83613782051282
337, 0.527928435878876, 81.80488782051282, 78.52564102564102
338, 0.522410585024418, 81.81089743589743, 77.84455128205128
339, 0.5272571279452397, 81.86498397435898, 77.82451923076923
340, 0.5293700510874773, 81.65865384615384, 78.71594551282051
341, 0.5308545814110682, 81.66266025641026, 77.75440705128206
342, 0.5358098189036051, 81.29407051282051, 79.50721153846153
343, 0.5381871560445198, 81.49238782051282, 78.37540064102564
344, 0.5390758983599834, 81.4042467948718, 78.21514423076923
345, 0.532242310887728, 81.64863782051282, 77.51402243589743
346, 0.5458209016384222, 81.02964743589743, 77.78445512820512
347, 0.5640375884679648, 80.29647435897436, 77.25360576923077
348, 0.5533285550582103, 80.70713141025641, 77.99479166666667
349, 0.5541405748098325, 80.61097756410257, 76.16185897435898
350, 0.5787258959733523, 80.10016025641026, 76.61258012820512
351, 0.5824351123510263, 79.89583333333333, 78.06490384615384
352, 0.607701150729106, 78.85016025641026, 72.79647435897436
353, 0.6348627326580194, 77.87259615384616, 74.84975961538461
354, 0.6169731196684715, 78.72596153846153, 75.52083333333333
355, 0.6005065441131592, 79.1806891025641, 75.8213141025641
356, 0.6192406960022755, 78.58974358974359, 74.06850961538461
357, 0.6411103085065499, 77.80849358974359, 75.84134615384616
358, 0.7008007848874117, 75.60096153846153, 74.0985576923077
359, 0.6864695487878262, 76.2099358974359, 74.69951923076923
360, 0.6539554884036382, 77.52003205128206, 74.85977564102564
361, 0.6312849769225487, 77.92267628205128, 75.17027243589743
362, 0.6470524548720091, 77.4238782051282, 74.22876602564102
363, 0.6986103352827904, 75.7832532051282, 74.83974358974359
364, 0.7839464993048937, 72.75641025641026, 70.1923076923077
365, 1.320179952413608, 57.77043269230769, 9.304887820512821
366, 2.5927718321482343, 10.032051282051283, 10.06610576923077
367, 2.377390611477387, 9.965945512820513, 10.136217948717949
368, 2.348331335874704, 9.977964743589743, 10.396634615384615
369, 2.334185142394824, 9.90985576923077, 9.635416666666666
370, 2.32868127761743, 10.048076923076923, 10.326522435897436
371, 2.323463939397763, 9.943910256410257, 9.565304487179487
372, 2.3212514486068336, 9.965945512820513, 10.556891025641026
373, 2.318119366352375, 10.170272435897436, 9.835737179487179
374, 2.318053455841847, 9.969951923076923, 9.92588141025641
375, 2.3170876545783803, 9.967948717948717, 9.935897435897436
376, 2.31687130011045, 9.815705128205128, 9.294871794871796
377, 2.3161689746074186, 9.963942307692308, 10.426682692307692
378, 2.3142268663797623, 10.264423076923077, 9.945913461538462
379, 2.3140261772351387, 10.170272435897436, 9.875801282051283
380, 2.313378170820383, 10.132211538461538, 9.975961538461538
381, 2.313491781552633, 10.206330128205128, 10.396634615384615
382, 2.3121379534403483, 9.945913461538462, 9.975961538461538
383, 2.313074092987256, 9.623397435897436, 10.256410256410257
384, 2.311771261386382, 9.875801282051283, 9.885817307692308
385, 2.3112596890865227, 10.176282051282051, 9.415064102564102
386, 2.312313236334385, 10.01602564102564, 9.965945512820513
387, 2.31188292319958, 9.951923076923077, 9.695512820512821
388, 2.3113978740496512, 10.09014423076923, 10.606971153846153
389, 2.312366830996978, 9.829727564102564, 10.576923076923077
390, 2.310669294381753, 10.210336538461538, 9.665464743589743
391, 2.3107887469805206, 10.114182692307692, 9.665464743589743
392, 2.3113653170756803, 9.899839743589743, 10.166266025641026
393, 2.3111376964128936, 9.967948717948717, 9.805689102564102
394, 2.3107741178610386, 10.070112179487179, 10.126201923076923
395, 2.3115202536949746, 9.969951923076923, 9.735576923076923
396, 2.3105836556507993, 9.887820512820513, 10.086137820512821
397, 2.310895126293867, 9.845753205128204, 10.006009615384615
398, 2.310586560078156, 9.965945512820513, 9.835737179487179
399, 2.311816725364098, 9.991987179487179, 9.745592948717949
400, 2.3114748856960197, 9.98798076923077, 10.326522435897436
